0 60 60
0 90 60
0 60 90
0 90 90
0 60 120
0 90 120
0 60 150
0 90 150
0 60 180
0 90 180
0 60 210
0 90 210
0 60 240
0 90 240
0 90 270
0 60 270
0 60 300
0 90 300
0 180 60
0 210 60
0 180 90
0 210 90
0 180 120
0 210 120
0 180 150
0 210 150
0 180 180
0 210 180
0 180 210
0 210 210
0 180 240
0 210 240
0 180 270
0 210 270
0 180 300
0 210 300
0 300 60
0 330 60
0 300 90
0 330 90
0 300 120
0 330 120
0 300 150
0 330 150
0 300 180
0 330 180
0 300 210
0 330 210
0 300 240
0 330 240
0 300 330
0 330 330
0 300 360
0 330 360
0 420 60
0 450 60
0 420 90
0 450 90
0 420 120
0 450 120
0 420 150
0 450 150
0 420 180
0 450 180
0 420 210
0 450 210
0 420 240
0 450 240
0 420 330
0 450 330
0 420 360
0 450 360
1 360 180
1 390 180
1 360 210
1 390 210
0 540 60
0 570 60
0 540 90
0 570 90
0 540 120
0 570 120
0 540 150
0 570 150
0 540 180
0 570 180
0 540 210
0 570 210
0 540 240
0 570 240
0 540 270
0 570 270
0 540 300
0 570 300
0 660 60
0 690 60
0 660 90
0 690 90
0 660 120
0 690 120
0 660 150
0 690 150
0 660 180
0 690 180
0 660 210
0 690 210
0 660 240
0 690 240
0 660 270
0 690 270
0 660 300
0 690 300
0 0 390
0 30 390
1 0 420
1 30 420
0 720 390
0 750 390
1 720 420
1 750 420
0 120 390
0 150 390
0 180 390
0 210 390
0 120 420
0 150 420
0 180 420
0 210 420
0 630 390
0 600 390
0 570 390
0 540 390
0 540 420
0 570 420
0 600 420
0 630 420
0 60 510
0 90 510
0 60 540
0 90 540
0 60 570
0 90 570
0 60 600
0 90 600
0 60 630
0 90 630
0 60 660
0 90 660
0 60 690
0 90 690
0 180 510
0 210 510
0 180 540
0 210 540
0 180 570
0 210 570
0 180 600
0 210 600
0 180 630
0 210 630
0 180 660
0 210 660
0 180 690
0 210 690
0 660 510
0 690 510
0 660 540
0 690 540
0 660 570
0 690 570
0 660 600
0 690 600
0 660 630
0 690 630
0 660 660
0 690 660
0 660 690
0 690 690
0 540 510
0 570 510
0 540 540
0 570 540
0 540 570
0 570 570
0 540 600
0 570 600
0 540 630
0 570 630
0 540 660
0 570 660
0 540 690
0 570 690
0 300 450
0 330 450
0 300 480
0 330 480
0 300 510
0 330 510
0 300 540
0 330 540
0 300 570
0 330 570
0 300 600
0 330 600
0 420 450
0 450 450
0 420 480
0 450 480
0 420 510
0 450 510
0 420 540
0 450 540
0 420 570
0 450 570
0 420 600
0 450 600
0 360 480
0 390 480
0 360 510
0 390 510
0 330 750
0 330 720
0 330 690
0 360 690
0 390 690
0 420 690
0 420 720
0 420 750
0 300 660
0 330 660
0 360 660
0 390 660
0 420 660
0 450 660
0 450 690
0 450 720
0 450 750
0 300 690
0 300 720
0 300 750
4 360 720
